000
0001
0002
0003
0004
0005
0006
0008
001
0011
0012
0016
0017
0019
002
0020
0022
0023
0024
003
004
005
006
007
009
010
011
012
013
014
015
016
017
018
019
020
021
16243
16245
16250
16263
18261
18265
19257
19273
19277
19286
20277
20284
20285
20296
21261
21274
21284
21287
22262
22266
22286
22314
23266
23270
23280
23343
23360
23378
23400
24294
24296
24300
24317
24335
24344
24362
24401
24425
25284
25288
25357
25384
25395
26157
26285
26288
26290
26361
26383
26393
26414
26416
27130
27364
27414
28358
28380
28392
28414
28438
28444
29120
29340
29360
29443
29450
30340
30373
30380
30420
30434
30456
31090
31160
31381
31422
31438
31440
31454
32398
32405
32413
33401
33440
34068
34100
34150
34421
34431
34453
35441
36120
36510
37090
37490
38140
38531
3A081
3A082
40124
40137
40208
40277
40480
40491
47234
47238
48161
48187
48190
48193
48197
48202
48211
48234
48242
48250
49000
49182
49186
49188
49192
49197
49198
49201
49203
49212
49233
49251
49253
49254
49431
50130
50150
50170
50180
50185
50190
50192
50208
50210
50212
50215
50225
50233
50234
50235
50243
50246
50254
50264
50267
50285
50289
50454
51110
51138
51153
51175
51183
51192
51200
51221
51224
51226
51235
51237
51246
51247
51258
51260
51270
51285
51497
52118
52136
52145
52154
52157
52164
52173
52176
52188
52192
52201
52215
52225
52226
52230
52240
52247
52266
52268
52277
52403
52408
52427
52990
53070
53136
53151
53155
53160
53170
53197
53337
53380
53411
53874
53950
54138
54295
54337
54340
54362
54366
54386
54405
55135
55310
55345
55356
55366
55378
56070
56100
56148
56355
56358
56367
57268
57295
57330
57360
58000
58066
58105
58262
58293
58801
59082
59110
59254
59331
59991
60033
60060
60224
60236
60247
60325
60333
60340
60345
60988
61076
61238
61247
61258
61262
61281
61290
61297
61300
61310
61765
61796
61980
62032
62235
62238
62241
62247
62262
62271
62282
62324
62998
63050
63064
63246
63248
63250
63268
63278
63297
64008
64023
64073
64088
64990
64991
64993
64995
65019
65150
65993
66056
66190
67094
67160
67168
67904
68149
69078
69091
70116